Countries,7days 1 GB,15days 2 GB,30days 3 GB,30days 5 GB,30days 10 GB,30days 20 GB,30days 50 GB,100GB/30days (USD),UL/1day (USD),UL/3days (USD),UL/5days (USD),UL/7days (USD),UL/10days (USD),UL/15days (USD),UL/30days (USD)
Aaland Islands,2.74,4.83,6.23,7.55,11.93,16.89,35.16,69.62,3.12,7.02,11.07,12.288,16.2955,24.334,47.6905
Australia,3.27,5.85,7.85,9.78,16.92,25.83,53.49,100.10,4.02,10.74,17.25,19.008,25.047,37.191,75.279
Austria,2.47,4.10,5.36,6.51,11.04,15.90,32.40,62.76,2.91,7.2,11.34,12.384,16.192,23.897,45.8965
Belgium,2.58,4.66,5.99,7.40,11.91,16.84,34.47,67.20,2.955,6.735,10.86,12.036,16.261,24.2765,47.5525
Canary Islands,2.58,4.66,5.99,7.62,13.05,18.97,34.47,68.26,2.955,6.735,10.71,11.892,15.686,23.437,45.563
Colombia,5.04,8.95,13.32,17.22,27.81,47.83,90.28,176.03,6.48,21.99,30.885,34.332,41.5955,62.1,140.645
Costa Rica,5.91,10.75,15.92,19.46,34.17,53.59,109.06,176.03,26.22,22.38,34.905,38.808,51.106,76.3025,157.596
Croatia,2.74,4.83,6.23,7.55,11.93,16.89,35.16,68.52,26.22,7.02,11.07,12.288,16.2955,24.334,47.6905
Cuba,33.42,61.92,86.85,106.55,169.82,239.03,,,26.22,102.54,170.04,190.032,259.7275,NA,NA
Cyprus,2.76,4.85,6.23,7.83,12.69,18.24,37.81,75.32,26.22,7.02,11.49,12.744,17.3305,25.875,51.4855
Denmark,2.57,4.10,5.36,6.51,11.06,15.95,33.10,64.12,26.22,7.2,11.34,12.384,16.2265,23.9545,46.046
Ecuador,6.35,11.67,16.06,20.58,37.35,56.48,118.44,,26.22,22.56,36.915,41.04,55.867,83.4095,166.0715
Egypt,5.74,9.37,12.54,14.75,22.80,31.45,64.45,117.41,26.22,14.505,23.115,25.476,34.2815,50.899,100.3375
El Salvador,5.04,8.95,15.66,17.22,27.81,47.83,90.28,176.03,26.22,21.99,30.885,34.332,41.5955,62.1,140.645
Estonia,2.74,4.83,6.23,7.55,11.93,16.89,35.16,69.62,26.22,7.02,11.07,12.288,16.2955,24.334,47.6905
Finland,2.74,4.83,6.23,7.55,11.93,16.89,35.16,69.62,26.22,62.04,102.54,114.432,156.239,233.864,NA
France,2.47,4.10,5.36,6.51,11.04,15.90,32.40,42.28,26.22,7.02,11.07,12.288,16.2955,24.334,47.6905
Germany,2.58,4.66,5.99,7.40,11.91,16.84,34.47,67.20,26.22,7.2,11.34,12.384,16.192,23.897,45.8965
Greece,2.58,4.66,5.99,7.40,11.91,16.84,34.47,68.26,26.22,6.735,10.86,12.036,16.261,24.2765,47.5525
Guam,9.82,18.60,25.88,33.50,61.22,92.90,,,26.22,36.63,60.39,67.32,91.839,137.379,NA
Guernsey,5.42,9.79,13.41,17.10,29.48,43.31,90.15,153.67,26.22,18.735,30.585,33.936,43.976,65.619,127.144
Hawaii,3.31,5.66,7.60,9.57,16.70,25.25,53.23,100.93,26.22,10.785,17.25,19.008,25.1965,37.4095,73.9565
Hungary,2.58,4.66,5.99,7.40,11.91,16.84,34.47,68.26,26.22,6.735,10.86,12.036,16.261,24.2765,47.5525
Iceland,2.74,4.83,6.23,7.55,11.93,16.89,35.16,69.62,26.22,7.02,11.07,12.288,16.2955,24.334,47.6905
Indonesia,3.90,6.75,9.10,11.45,20.45,30.66,63.92,108.36,26.22,12.57,20.28,22.404,30.36,45.149,89.562
Iran,48.66,96.27,135.74,178.05,,,,,26.22,194.325,NA,NA,NA,NA,NA
Ireland,2.57,4.10,5.36,6.51,11.06,15.95,33.10,64.12,26.22,7.2,11.34,12.384,16.2265,23.9545,46.046
Italy,2.47,4.10,5.36,6.51,11.04,15.90,32.40,62.76,26.22,7.2,11.34,12.384,16.192,23.897,45.8965
Ivory Coast,19.70,38.34,53.81,70.25,129.15,,,,26.22,76.71,127.2,142.152,NA,NA,NA
Jordan,3.12,5.28,7.09,9.81,17.43,26.05,48.77,83.58,26.22,14.34,23.25,25.728,34.914,51.98,103.224
South Korea,5.43,9.82,13.45,17.16,31.02,46.80,98.00,166.18,26.22,18.81,30.69,34.056,46.299,69.069,137.379
Latvia,2.74,4.83,6.23,7.55,11.93,16.89,35.16,69.62,26.22,7.02,11.07,12.288,16.2955,24.334,47.6905
Lesotho,5.00,8.95,12.22,15.53,27.99,42.19,88.26,141.40,26.22,17.025,27.72,30.732,41.745,62.238,123.717
Liechtenstein,2.74,4.83,6.23,7.55,11.93,16.89,35.16,69.62,26.22,7.02,11.07,12.288,16.2955,24.334,47.6905
Lithuania,2.74,4.83,6.23,7.55,11.93,16.89,35.16,69.62,26.22,7.02,11.07,12.288,16.2955,24.334,47.6905
Luxembourg,2.74,4.83,6.23,7.55,11.93,16.89,35.16,69.62,26.22,7.02,11.07,12.288,16.2955,24.334,47.6905
Malta,2.58,4.66,5.99,7.40,11.91,16.84,34.47,68.26,26.22,6.735,10.86,12.036,16.261,24.2765,47.5525
Mauritania,25.18,49.32,69.31,90.66,166.89,,,,26.22,99,164.34,183.744,NA,NA,NA
Mauritius,7.20,12.64,17.37,20.94,32.97,46.04,95.38,169.04,26.22,20.31,33.15,36.792,50.025,74.635,148.465
Monaco,19.70,38.34,53.81,70.25,129.15,,,,26.22,76.71,127.2,142.152,NA,NA,NA
Morocco,4.33,7.62,10.36,13.08,23.48,35.27,73.66,108.36,26.22,14.34,23.25,25.728,34.914,51.98,103.224
Netherlands,2.74,4.83,6.23,7.55,11.93,16.89,35.16,69.62,26.22,7.02,11.07,12.288,16.2955,24.334,47.6905
New Zealand,2.89,5.02,6.88,8.27,12.99,18.12,37.50,73.12,26.22,8.025,13.065,14.484,19.688,29.348,58.351
Nigeria,6.35,11.67,16.06,20.58,37.35,56.48,118.44,,26.22,22.56,36.915,41.04,55.867,83.4095,166.0715
Northern Cyprus,2.76,4.85,6.23,7.83,12.69,18.24,37.81,75.32,26.22,7.02,11.49,12.744,17.3305,25.875,51.4855
Norway,2.58,4.66,5.99,7.40,11.91,16.84,34.47,68.26,26.22,6.735,10.86,12.036,16.261,24.2765,47.5525
Panama,7.39,12.31,15.66,19.50,30.39,47.83,90.28,176.03,26.22,22.23,31.11,34.716,41.768,NA,NA
Poland,2.58,4.66,5.99,7.40,11.91,16.84,34.47,68.26,26.22,6.735,10.86,12.036,16.261,24.2765,47.5525
Portugal,2.58,4.66,5.99,7.40,11.91,16.84,34.47,67.17,26.22,6.735,10.86,12.036,16.261,24.2765,47.5525
Puerto Rico,3.46,5.87,7.87,9.81,17.43,26.05,54.19,100.93,26.22,10.785,17.31,19.08,25.806,38.318,75.9
Réunion,3.46,5.87,7.87,9.81,17.43,26.05,54.19,75.32,26.22,10.785,17.31,19.08,25.806,38.318,75.9
Romania,2.74,4.83,6.23,7.55,11.93,16.89,35.16,69.62,26.22,7.02,11.07,12.288,16.2955,24.334,47.6905
Russia,5.00,8.95,12.22,15.53,27.99,42.19,88.26,157.92,26.22,17.025,27.72,30.732,41.745,62.238,123.717
Saint Barthélemy,6.75,12.45,17.18,22.05,40.08,60.63,127.20,,26.22,24.15,39.6,44.04,59.961,89.562,178.365
Saudi Arabia,3.78,6.84,9.69,10.61,19.20,26.16,60.30,117.99,26.22,9.885,13.485,14.388,18.63,27.5885,55.1885
Slovakia,2.74,4.85,6.23,7.55,11.93,16.89,35.16,69.62,26.22,7.02,11.07,12.288,16.2955,24.334,47.6905
Slovenia,2.74,4.85,6.23,7.55,11.93,16.89,35.16,69.62,26.22,7.02,11.07,12.288,16.2955,24.334,47.6905
Spain,2.58,4.66,5.99,7.62,13.05,18.97,34.47,68.26,26.22,6.735,10.71,11.892,15.686,23.437,45.563
Sudan,15.31,29.56,41.38,53.91,98.96,150.52,,,26.22,58.89,97.5,108.888,148.764,NA,NA
Swaziland,19.70,38.34,53.81,70.25,129.15,,,,26.22,76.71,127.2,142.152,NA,NA,NA
Sweden,2.57,4.10,5.36,6.51,11.06,15.95,33.10,64.12,26.22,7.2,11.34,12.384,16.2265,23.9545,46.046
Switzerland,2.57,4.10,5.36,6.51,11.06,15.95,33.10,64.55,26.22,7.2,11.34,12.384,16.2265,23.9545,46.046
Tunisia,3.12,5.28,7.09,9.81,17.43,26.05,48.77,83.58,26.22,10.785,17.31,19.08,25.806,38.318,75.9
Turkey,2.51,3.99,5.15,5.64,8.28,11.11,21.71,38.98,26.22,7.215,11.37,12.432,16.698,24.656,48.576
Ukraine,3.46,5.87,7.87,9.81,17.43,26.05,54.19,100.10,26.22,10.785,17.31,19.08,25.806,38.318,75.9
United Kingdom,2.58,4.10,5.38,6.54,11.39,16.83,34.72,67.70,26.22,7.215,11.37,12.432,16.698,24.656,48.576
United States,3.31,5.66,7.60,9.57,16.70,25.25,53.23,100.93,26.22,10.785,17.25,19.008,25.1965,37.4095,73.9565
Vatican City,2.47,4.10,5.36,6.51,11.04,15.90,32.40,62.76,26.22,7.2,11.34,12.384,16.192,23.897,45.8965
Virgin Islands-British,12.43,22.10,31.14,35.55,61.49,87.62,,,26.22,47.34,78.6,87.912,120.2095,180.159,NA
Canada,4.79,6.77,8.61,15.47,22.88,35.83,83.67,163.17,6.72,18.6,29.415,32.64,43.447,64.8025,132.802
Macao,3.90,5.33,7.19,11.45,17.04,25.35,63.92,108.36,26.22,12.57,20.28,22.404,30.36,45.149,89.562
Serbia,4.14,5.39,7.25,10.83,16.80,23.22,47.68,84.23,26.22,10.605,16.98,18.672,25.231,37.444,74.083
Singapore,3.90,5.33,6.23,9.54,15.67,,63.92,108.36,26.22,12.57,20.28,22.404,30.36,45.149,89.562
Sri Lanka,4.33,,,,,,73.66,143.63,26.22,14.34,23.25,25.728,34.914,51.98,103.224
Taiwan,4.33,6.02,8.18,10.90,,,73.66,133.14,26.22,14.34,23.25,25.728,34.914,51.98,103.224
Thailand,3.78,5.31,,,,,59.06,102.66,26.22,12.57,19.635,21.732,28.4395,42.3545,82.6735
United Arab Emirates,4.29,5.87,7.91,10.49,18.74,33.72,70.32,91.84,26.22,13.83,22.32,24.648,33.396,49.6685,98.5205
Bulgaria,2.58,4.66,5.36,7.40,11.91,16.84,34.47,68.26,2.955,6.735,10.86,12.036,16.261,24.2765,47.5525
Czech Republic,2.58,4.66,4.73,7.40,11.91,16.84,34.47,67.17,26.22,6.735,10.86,12.036,16.261,24.2765,47.5525
Hong Kong,3.90,6.75,8.14,11.45,17.72,,63.92,108.36,26.22,12.57,20.28,22.404,30.36,45.149,89.562
Israel,4.33,7.62,6.00,,,,73.66,116.62,26.22,14.34,23.25,25.728,34.914,51.98,103.224
Japan,3.95,6.40,7.63,9.98,15.39,21.17,,,26.22,9.81,15.57,17.076,23,34.063,NA